"b_Intercept","alpha"
149.794779855518,149.248782747873
149.302393486338,149.248033729229
148.769631677153,149.247668056434
148.403727354645,149.247490416458
149.093677133894,149.246710911178
149.303745878406,149.246082582949
149.465873447522,149.242637375503
148.890195199483,149.241824057731
148.951593430983,149.243609994494
148.709591831506,149.243112042242
148.452765368578,149.242735943347
148.48235173285,149.244415179008
147.639706902449,149.244513739761
147.591732413189,149.247087068161
147.426753472181,149.246261570385
147.111545992791,149.245713399951
146.278759000285,149.24542758342
146.512905847076,149.245904236416
147.900748481832,149.246473402572
147.360476577583,149.246473402572
147.605400740537,149.245920801276
147.845282515006,149.245381967447
147.745603314273,149.244406961979
148.089465406843,149.2448251083
148.163905648624,149.243405339882
148.328979000707,149.24332210208
148.528519283572,149.243482778927
149.016371173439,149.243019179386
148.647931252177,149.242740896361
148.46414734985,149.241527931737
148.91805326683,149.241030598668
148.461742887365,149.240793901556
148.979315663248,149.241352746822
148.20961122743,149.240502572575
148.668989364966,149.240502572575
147.637485697411,149.240502572575
147.944206320752,149.240502572575
151.701411918635,149.238937283324
151.891402605003,149.236393519162
151.593353571758,149.238880572013
151.574303599297,149.239182038978
151.329242976168,149.239599469153
151.70006459189,149.23836028502
151.804993390739,149.23836028502
152.928166232772,149.23836028502
153.240179004034,149.23836028502
154.117678800783,149.237873414594
155.550980885699,149.239154365347
155.084551827238,149.236700167501
155.117356610194,149.237714676171
153.753410488544,149.238133552064
154.003954129029,149.239721200182
154.328492194963,149.245283887953
153.326250792284,149.243775242594
154.280650408942,149.244968810573
152.853289233533,149.239634030689
152.597157423001,149.239788615344
152.977799873563,149.238703963706
153.531753499098,149.234587766228
153.541170949295,149.235395943669
152.839226883546,149.23601413883
152.845735748444,149.236929966242
152.963420758946,149.236929966242
152.742395076898,149.234652365863
152.484833827678,149.234761112841
152.35901503799,149.23447790996
151.062994351875,149.23402536075
148.316116054105,149.237678278688
148.398335598101,149.237632034417
147.531375426551,149.237668837176
147.432850549497,149.238143370838
147.490139067134,149.241843353974
146.897132685138,149.241874459487
147.378039536851,149.242308360165
145.079753113787,149.242490063287
144.343690484239,149.242497070092
145.496979977854,149.253030772905
144.989998647507,149.253633312391
144.469213642816,149.25364976601
144.917270540383,149.252259517632
144.573396294415,149.25434146576
144.13569157801,149.251144989707
144.838760327309,149.253881591403
155.886125376454,149.254038346553
155.892695991782,149.24802220265
156.723398753023,149.248381346649
155.254309952049,149.247371967679
156.427169238687,149.249069238207
156.294190396834,149.251288677102
156.950467652579,149.249532456946
148.885506946029,149.246977004929
148.652425536031,149.245476787336
148.49910662409,149.246085557419
147.954667085655,149.246708684613
147.865291981354,149.247579975118
147.202300391693,149.248500078614
147.397716556127,149.24776864156
146.4859625117,149.247464589233
147.044059673544,149.247539440605
149.252495527334,149.248597056193
148.70540210874,149.249668402343
150.225960130672,149.251871998621
149.167876875111,149.254999954597
152.275982445402,149.254550977501
151.965343205157,149.253374234343
151.819225652686,149.248644814823
151.964852906468,149.249752778215
151.14538483208,149.253513006554
151.822275455002,149.253723761799
152.02866617005,149.241655088757
151.608987517408,149.243840225585
150.013138848494,149.247244084765
149.914715151963,149.248241959827
149.793133041042,149.250669262938
151.605982614808,149.252223896562
152.871669901018,149.252794196625
152.114537497783,149.250903529507
152.209378693919,149.248885402382
152.261810008482,149.248028031859
151.978219760125,149.247768252912
151.533986107188,149.256224635605
151.903062940541,149.256210233184
151.094139021188,149.256030824796
151.250910869599,149.255416837325
151.955713280007,149.25475937537
148.654124269957,149.255099065379
146.378171900184,149.25434622908
154.211243090183,149.255418919847
154.798845976947,149.255601135836
154.909998950114,149.25561230643
155.116504624381,149.255709258655
154.618039629299,149.254734372768
154.918917339327,149.253359384406
155.172015689687,149.251908881677
154.869076731574,149.251918142884
155.534048270194,149.250819185416
156.733634492841,149.251013043373
155.945995677498,149.250589564505
154.61514987655,149.25475913298
157.702710212203,149.254352269779
157.526884176525,149.255091227953
157.365416945908,149.255189214509
158.017986785939,149.255261658646
157.959178057276,149.255751096266
158.676544366975,149.256154407011
176.547960223739,149.25606906287
176.847166650976,149.256102523787
175.998732217784,149.256102523787
151.102923361445,149.255989949463
150.446343730823,149.255982065998
149.324446804268,149.256639352624
148.792686926036,149.256719504083
154.176176117487,149.256637673067
154.382252300432,149.25698175557
155.242804391662,149.256391683507
154.39187498397,149.254749610118
154.031174085137,149.253229831559
154.905598367398,149.253472246573
154.30120784906,149.252651409363
155.419244646389,149.25442058348
155.015238167652,149.250891009198
144.202261826851,149.251589598964
144.254550453865,149.24903763189
144.213822213798,149.249697478081
143.049649812423,149.253495797262
142.373451915019,149.253325267688
143.232151915086,149.252915291403
143.258684391839,149.26103974907
143.473920910676,149.262131323425
143.133279039846,149.263296940798
144.085582193848,149.261143574529
143.977397091043,149.257745646998
144.855192887842,149.255758602083
145.49456097195,149.255694608452
145.259552945531,149.255367698158
145.31551528405,149.255857131282
145.362849376823,149.261248784692
145.006556186452,149.261732001901
145.176229809466,149.261457230834
143.684671312511,149.261771441191
144.374469388321,149.261947571233
146.941678809944,149.263090514297
146.660497886197,149.264689821931
145.967826220234,149.265468126502
145.630807853302,149.265245783109
144.941435991576,149.266672865864
145.271308031035,149.266058135076
145.039328239848,149.260228164742
144.870247845659,149.259144215295
144.821129989778,149.258747455972
144.421015808395,149.261123329303
144.402302765422,149.260605243207
144.053675771855,149.261854120932
144.481862141918,149.268816929867
145.004004628417,149.268176115439
145.46490526498,149.268103270143
145.253820200517,149.269992786732
145.474039884261,149.26681070014
144.922269246211,149.266164296094
145.685339807132,149.256811588717
145.402932963066,149.253819617776
147.426023227694,149.257232930141
142.190759488452,149.260112981362
137.040545350307,149.258777043282
136.600770271551,149.258091221681
136.376137470437,149.259303003957
135.891343951275,149.256066339487
135.325153128727,149.260449436236
135.08692672854,149.258611298522
135.108285506548,149.259820659017
134.999640180196,149.259105773989
135.712538502195,149.262618207324
135.422996429704,149.264142781716
134.970842035472,149.2592559796
133.956613901147,149.2592559796
135.474121089032,149.259332244387
135.72077388364,149.259130318081
135.442464690006,149.259130318081
138.023582843856,149.257394791908
139.092362454459,149.25639988342
138.656460401267,149.255861148263
137.873427632303,149.255429118257
138.100984420722,149.255794326246
138.081967807903,149.257251134907
137.983677536245,149.259717879139
137.345907511396,149.261660957039
137.354964021683,149.260684105617
138.513480396184,149.261393386196
143.316404368079,149.261311884849
145.31456594725,149.260000557916
143.072894700224,149.261687948621
143.609782993978,149.261687948621
143.617584220234,149.261908348506
154.251702413446,149.26171771216
159.685011325819,149.261638979155
159.771164035717,149.262042001221
160.140218531079,149.26231366474
160.883355999402,149.260903657077
160.895395503143,149.265344088202
161.141168495861,149.255963147032
161.692699691497,149.256063237911
162.631239857365,149.255264445563
162.75656982593,149.256287913722
163.293962239123,149.256287913722
163.178103782331,149.255202409992
163.468651140897,149.256950010324
163.634008930595,149.256995286095
163.166412607288,149.257675325686
163.197568757556,149.258001371248
163.213963052906,149.268290427726
165.196342411495,149.265254446976
164.42183884494,149.266665731882
164.43724454635,149.266648923393
164.241077758478,149.266728393548
163.876835095281,149.266364289447
163.968425584004,149.266609439202
163.461219371955,149.265516055542
162.828360342886,149.265792323758
163.035910891522,149.265188866095
162.987220226693,149.265877677942
163.142157392025,149.261039734896
162.880750058308,149.257083707324
160.966664380335,149.254934356737
158.345866043523,149.256365012598
161.147704711363,149.256667192039
162.098109088579,149.259362561666
162.671405915262,149.258902962433
162.249460092015,149.260348504506
156.678123534531,149.25822113006
156.663849635674,149.258095283152
156.548200816631,149.258284071541
156.440470709166,149.258990306742
154.486089996491,149.259739211081
145.624585216232,149.260589186066
144.437968497299,149.265591102214
144.179664783518,149.263978467354
143.018612583652,149.26501697662
143.524256893354,149.265294268092
143.518229877609,149.265408459218
142.826310829699,149.263873950769
142.905326354645,149.264110950934
143.659382046263,149.264887948765
143.081590283293,149.264235502227
143.004427390306,149.264638739216
142.726998653025,149.264803559289
142.788927045336,149.264803559289
145.866377899412,149.264803559289
146.143593311947,149.263716373942
146.927091274593,149.263276861722
148.502696161965,149.262832054729
148.518908348133,149.262732415926
148.085947961646,149.262968484363
150.053345475062,149.263803838096
149.612274064886,149.262542616012
149.513978240309,149.259132716476
149.179841379829,149.260434527747
148.877238708803,149.259943473509
148.52327230926,149.262165117702
148.163062002983,149.261325636272
151.804783522477,149.264336658926
152.463704607161,149.267747178617
154.973819931832,149.267443275969
154.831673393948,149.26739079037
153.726739986144,149.268991308595
149.677587589152,149.269427997683
149.401674389987,149.269427997683
149.829368107323,149.269682399254
150.006974228099,149.269228959629
149.677534381295,149.270813216374
150.371420684446,149.270182463138
150.470074943485,149.269624346344
150.607129202046,149.269202778161
150.403075980767,149.271769810496
150.389520973989,149.273481342684
149.870573023589,149.272974503562
150.191185519986,149.276730241771
149.271420524439,149.273546604346
149.49782799991,149.270910825515
149.598994909044,149.268550741486
150.627128693456,149.26691461184
149.006817544884,149.26634614391
149.472228954915,149.2699019179
148.755841283869,149.271005443763
149.135112495379,149.270432593001
148.698830654427,149.276183056186
149.041457437498,149.27633482104
149.460278498669,149.274389557298
151.798927558349,149.276886010928
151.268622695786,149.274885982896
149.840025362011,149.274463760882
149.503408444901,149.267013862722
149.511045323883,149.26683395934
149.649689206684,149.267395365272
148.409620200518,149.269239637196
147.018039469419,149.268738707867
146.093552255853,149.264756440359
146.8527856049,149.26406621433
146.278325049758,149.264889789782
145.454398037367,149.267026939015
146.151738111991,149.268010456481
146.952478016353,149.268778370206
151.076728431527,149.268187786194
151.517579302671,149.266583497038
150.683788372809,149.267545095087
149.981439816386,149.270863011755
150.645853707155,149.269100223774
150.379884130853,149.268901237231
149.774844460202,149.269209577489
150.226407136594,149.27022092139
150.249161319025,149.270345336958
150.346750943566,149.27086888526
157.399545764531,149.269789156036
155.68732144776,149.269878972741
155.454730490092,149.269397213418
155.534553630571,149.272723673577
155.504719814615,149.272679194896
155.513129011808,149.273671579399
158.133915320203,149.277296471968
158.216928544224,149.276826769405
157.98075140745,149.276546378307
157.66263076859,149.277232047057
143.677848258293,149.27763852751
143.517595094282,149.278139943708
142.738682433388,149.277659991665
142.919260833129,149.277780985565
142.193776315122,149.279289687542
142.127599767059,149.278872856648
144.739141506019,149.280472686721
143.783798486454,149.280472686721
141.183179745136,149.280472686721
141.731397866912,149.280472686721
141.83889474499,149.282022560883
142.165454834706,149.282022560883
142.941226966874,149.282022560883
143.293481479075,149.281333222693
143.499406735499,149.279210023949
143.054297472814,149.278651204346
144.287252788826,149.277788127856
145.415367672713,149.277548706816
147.462990737714,149.277067927875
146.794658778833,149.277036225991
146.157944738952,149.277036225991
144.593438000391,149.2771118439
143.431885931106,149.277584474016
144.619978261186,149.275990975546
144.195188803758,149.274693870529
145.059394028856,149.271099422969
145.380551923406,149.269328648502
146.535199706107,149.26939495969
146.698346903255,149.270024712208
145.94415192791,149.270352489396
144.79320620786,149.269739761622
145.131389655193,149.267016034124
144.866949080488,149.268555700365
144.640518644474,149.265647240215
146.221945767416,149.268974587899
146.634899665771,149.26835414366
146.094283877719,149.273554867116
146.436430980841,149.272745995619
145.957150877069,149.276815362735
155.825846612183,149.2804827029
156.909589956616,149.278811829737
157.35291425888,149.28031144172
153.151358457897,149.278112298578
152.925092845067,149.283308967232
152.257358982821,149.283643274323
152.042945269281,149.283451924531
152.036925041816,149.282450570965
151.567366276972,149.284994745773
152.510843846314,149.287125963541
154.024985858747,149.28732772841
153.839616174711,149.287440970197
152.860770885988,149.288658470441
147.674749676267,149.285374717841
148.700022093238,149.286528550372
149.109623622632,149.286391235627
149.33445343889,149.285167479689
148.410018677952,149.284744944656
148.151754753628,149.283340357429
148.166961579657,149.282578823235
146.892485527127,149.282578823235
146.437120571543,149.282167167075
146.216336081506,149.282167167075
146.748853683324,149.282167167075
146.288634094532,149.282167167075
146.421289188896,149.282179411966
146.707204600767,149.282179411966
146.895743877068,149.281387144703
146.029338864717,149.281387144703
146.254727671483,149.281509776986
146.554867741917,149.280728041659
146.236501842188,149.280728041659
146.558891363297,149.2779957705
147.056291892462,149.277499660912
146.731751061961,149.278172044371
145.974957736926,149.281023852554
146.500784085403,149.281462749214
145.753912862275,149.283008162479
146.553160625402,149.284036057232
146.532375363608,149.279927274275
147.040903123223,149.276562439057
146.188861595568,149.288078605184
145.504117603083,149.288694177197
146.084166717124,149.289023484766
145.478648637996,149.289023484766
145.406367143055,149.289518274559
145.443122148075,149.289349730176
146.00260036447,149.288808495668
145.67700257199,149.289432505225
145.733782226416,149.290136256755
145.030917044736,149.28978364413
144.794817932426,149.289203489473
144.99977946574,149.288750686922
144.657370936198,149.29007785924
145.587252210664,149.290572624923
144.822269221734,149.290572624923
144.468948085574,149.290395999819
144.225723741329,149.290395999819
144.410717290635,149.291275504259
143.394555712798,149.291275504259
143.566880061077,149.29072097205
143.670603575831,149.29089688222
143.868220747699,149.291987188699
143.738533218572,149.293719313397
144.277736856302,149.292772227949
143.639183487279,149.292176416791
143.59160272202,149.292598622215
143.982821326602,149.291517610793
142.830498338371,149.291517610793
142.768809928837,149.29198056657
142.431452655232,149.291161877295
142.374416066717,149.291086330411
142.392765402176,149.291683817789
140.473581558238,149.291771454446
140.231312866773,149.290704459291
140.913122929125,149.290930890139
140.401461464612,149.290930890139
139.669967132183,149.287099920205
139.185519976368,149.287168397401
139.030361809286,149.287386265927
138.299825279696,149.287386265927
138.713611429796,149.287386265927
138.43638004669,149.287386265927
140.059993785115,149.287667092243
139.92680858523,149.289677995182
141.481334655835,149.289472322154
141.237113478738,149.289415782695
141.080252034973,149.288797124846
140.764172644193,149.289121128984
140.603690457969,149.288015632961
141.453222739497,149.291761896937
141.544608072689,149.294792888779
141.260047507304,149.293536013787
142.389702586016,149.292064788732
141.398395238617,149.293188749569
141.952669612911,149.293048518082
142.086951330545,149.292052201907
142.919212795875,149.292106497135
147.779570079072,149.292362407252
146.379318612419,149.294667094551
149.341638458421,150.344313136106
149.472740169661,150.344514311736
149.705573735883,150.344288852413
150.854772227488,150.342403349866
148.317437259354,150.344072760404
147.720383644957,150.343837716274
146.635530066167,150.343241136937
146.334670697575,150.343326658381
147.025003390954,150.332628901312
146.696710738676,150.332862360074
147.561786089831,150.331999382274
147.590690158251,150.332141026067
147.52542605161,150.333428098077
148.497548964972,150.333755530718
147.597475916923,150.33381599388
147.908724837364,150.333905776355
148.168745590253,150.334354208994
147.629202958354,150.331784920412
147.504089010707,150.333002167857
147.221149801346,150.331033725049
146.879664701353,150.332758990165
149.488170174434,150.332006511467
152.406250797998,150.332523078547
151.646933978813,150.332479351085
151.923842562868,150.335046931409
151.713199452574,150.335061995332
151.651350855646,150.33571158723
150.359263862649,150.332403950561
150.188627014275,150.330789748334
149.814369673869,150.331659121253
151.47066576546,150.330857848466
151.40399718083,150.341001403861
151.212447272365,150.342466327156
150.88286359673,150.341633025628
153.212950905183,150.341639730945
153.953127387235,150.342079586215
152.899690768414,150.341830670228
153.223476061354,150.34242866884
153.615497895613,150.341772280421
153.741179366576,150.33928905631
148.461397127713,150.338453260385
148.993992236811,150.332192445372
149.079587638183,150.331012269151
147.123435807985,150.333566372079
146.867111010921,150.33281951622
146.401815543723,150.331917839866
146.361843646288,150.330657206172
145.667014818162,150.330403905733
144.860579099406,150.330086926255
145.499067988979,150.329940578399
146.935128847869,150.334457968236
146.932746368318,150.330202538676
146.752071371728,150.32925054597
147.501788457299,150.328159093079
147.735130604352,150.331070185608
149.018624175861,150.330280826849
148.207689661057,150.327666907197
148.634186477453,150.325927952939
148.114914666777,150.325753985102
148.038792495657,150.323030415919
148.170181507965,150.318505371555
147.60634813709,150.320605723077
147.933525295212,150.321228077218
148.086099673045,150.320822036916
147.014829798109,150.319967138313
147.041468626694,150.319944222488
147.228532082361,150.320156514706
147.234848230066,150.320156514706
147.03686092123,150.320156514706
146.168220981592,150.320386337125
151.908733924647,150.320734855177
151.120324406866,150.324499530369
150.621077210431,150.323543650143
151.122841750141,150.324295629342
151.62212070958,150.324271531337
151.510970632324,150.330828037319
151.441088577826,150.32975760197
151.93939404759,150.329747476438
151.673324440507,150.330200750602
152.142058848905,150.329238671641
152.345119781222,150.32896350542
152.400981078697,150.330486488464
151.735545211312,150.332642708895
151.939928383843,150.334870910022
151.884521795537,150.333840746843
151.754781192055,150.325830666275
151.583982939004,150.326701403076
149.939513624653,150.327910733449
150.948943295333,150.330188643592
151.049826902238,150.330483238314
152.725644440421,150.326581910799
152.744666038099,150.31899111613
152.605144849173,150.317308390028
152.459850252905,150.308401984402
152.44005601978,150.308539570817
150.827096634376,150.307420532383
143.633939027232,150.308006095036
143.763538663285,150.315694554826
144.083705420449,150.315987180109
145.2490508735,150.315369043387
145.040369179706,150.316228958775
148.170828067311,150.316216841237
147.630954195687,150.318732048324
148.627317872496,150.322022665804
148.531458001389,150.314833120562
148.056042611167,150.318238569814
146.310333255095,150.318122957461
147.753319819205,150.318074385526
147.889502773507,150.32206361571
147.443957499291,150.322358161192
147.662507084847,150.322768892701
147.407342121173,150.332752729762
147.073660596247,150.332220859967
147.304732930309,150.332945701711
148.3542094506,150.330560611804
146.336464354331,150.331287979372
146.436597753921,150.332606603119
146.384980361922,150.340416840689
146.521222025463,150.339728828877
145.320868490864,150.338797385087
146.566648088514,150.341029505482
146.48318324366,150.340622546319
146.71779768694,150.337619169125
145.797716875263,150.336773188383
145.981419152231,150.338857474584
146.128306422314,150.340672029948
145.661510989481,150.338673619713
146.084813177304,150.340426061946
146.015517763814,150.342671843911
146.568497889033,150.3427691501
146.129252624124,150.343421083207
146.401209593359,150.346846618538
146.744617553748,150.345884957907
146.410565171257,150.34173616839
147.126218064066,150.341245873977
146.66720013432,150.341137345055
144.215962281281,150.340856763778
145.288587193165,150.341958056819
145.468371045541,150.339103868234
145.798224823781,150.33904091363
146.428696232667,150.338988826465
146.259150219825,150.339981726567
145.859293021235,150.339851511174
145.505193533262,150.339470804248
145.423350814534,150.339470804248
145.721981345701,150.340900447515
150.377153987244,150.340023366091
150.275776544439,150.340431707973
150.243597229046,150.341280312118
149.950723392693,150.340824827008
149.88485335029,150.341613940342
149.500653978802,150.346846040637
149.263189232525,150.346517362561
149.829080739794,150.346885666151
149.813094753656,150.349061329942
149.177434291855,150.349025955186
148.820979933735,150.34884600371
148.64511400495,150.350147267296
148.571013096196,150.344191412756
149.168174675424,150.346877234085
148.751332808413,150.345787904195
149.07578083976,150.346640482011
148.88366669394,150.351056087202
148.279401926134,150.350545439764
148.227181020701,150.34233621307
148.40755393064,150.344070389002
145.948334774725,150.346560821548
145.950449705364,150.347456717392
146.463922807868,150.346340135225
144.258208876788,150.342426634181
144.044342726072,150.341958399333
146.553834612005,150.347241896681
151.940966820716,150.347206495809
152.032659218089,150.346572362436
144.485796713396,150.346335278974
144.723728096435,150.346401072997
146.031796955785,150.346516007343
149.096382568978,150.346119152035
142.308019278681,150.344982322555
142.108284440849,150.345321442496
142.764820453733,150.341722278096
142.661110487835,150.34183917947
142.925905833654,150.341771314067
142.928696407713,150.341062522319
143.096390526576,150.34094283432
143.383009874336,150.34094283432
143.575625564587,150.341000504706
143.435622281851,150.340996800386
147.992385629348,150.340646143753
148.519419660496,150.341222465077
148.329106782681,150.341276594451
148.651358978196,150.341674161602
148.571613916073,150.341549997575
147.74888519135,150.341535441655
147.429382165142,150.340040740154
148.468169201329,150.340011133125
147.139192133997,150.340956573988
146.541923543926,150.340572207959
147.09756704936,150.340337344344
144.734033035519,150.339911417503
144.345350631108,150.339978863788
145.048072801277,150.340647052256
145.715960816065,150.341076288833
145.9980522319,150.337871923939
146.03387172807,150.337363102124
145.699206676367,150.33811849911
146.296953963327,150.33898174452
146.709910812847,150.33574738832
146.438121631435,150.334717169243
146.570260947528,150.3340401545
144.162990954291,150.335736820905
142.184423554788,150.33172110888
142.0628006326,150.332752195264
143.399900568649,150.333140807416
145.803587929703,150.330746136936
141.012603288303,150.330308056123
141.30251078269,150.330574864088
141.411012753502,150.329463453599
140.888537444761,150.329879431619
141.619675565517,150.330020511777
142.775672470491,150.328520204801
142.838259116322,150.325310205896
142.147541508825,150.324790244845
142.911221678546,150.316952661393
143.488461894276,150.317276950111
143.541840034403,150.314482987224
143.036579925981,150.313887662186
144.040392634221,150.309902559561
143.573163654997,150.312332919984
143.859722518369,150.318085432791
143.466324827162,150.320204556056
143.57508066098,150.315927191703
145.993230423843,150.31628691666
146.479438197825,150.318202457229
148.006670076862,150.319378495765
147.325707278911,150.320526354421
147.30226457133,150.322115280472
146.84594520911,150.321308964473
147.388565349153,150.321961919695
146.974510654525,150.32219363598
147.40209802701,150.320561163626
147.537343195851,150.316129280261
147.171828638977,150.316387176451
147.449452999364,150.317662225469
149.245108386559,150.317879248549
149.920046696066,150.314059725184
150.690191562997,150.3144464468
149.983018617511,150.322899502822
148.07322022547,150.324678574727
147.126726026761,150.326274014464
147.010312700248,150.325137022486
148.519510914669,150.32443056979
148.523623694982,150.324302975254
148.949588146686,150.322612938799
149.185045920838,150.320867522697
149.244908197935,150.330390907096
149.051744672235,150.329257176626
149.135783637848,150.329146311105
148.907621998823,150.328193429884
149.266304537303,150.328586152997
149.89951447047,150.329554011148
149.799801711811,150.329161604581
149.808187166342,150.325376745084
149.811646379024,150.326076138302
149.688383627351,150.331459489936
150.687515792946,150.331754500688
150.547668411297,150.337356101833
151.441902517696,150.338720175493
149.835296106737,150.337702895882
148.57161726385,150.332776817979
148.386416034793,150.333664830315
148.566228231245,150.31877783208
148.242176648977,150.317130657396
147.658440254036,150.315768770796
147.919779293824,150.315809052109
147.453996342746,150.315779305237
147.628394488446,150.321371521492
147.608748534477,150.314408195744
146.66773898156,150.309215169666
147.625440201393,150.300050396268
147.821862799962,150.304639895797
151.454271618452,150.307516269971
151.510104344104,150.307331873229
151.426493256791,150.30586914543
151.042397691765,150.305494918508
151.564166437018,150.305962351313
150.641976231717,150.308908293023
149.484645813171,150.30423026144
150.58099303412,150.305820327777
149.249894801808,150.305130627547
147.383137561005,150.303822086668
147.89786826018,150.301523623601
147.50984506805,150.301507571223
146.801095740412,150.30526484565
147.057077895769,150.303809622381
146.131653513371,150.305254020964
145.839672566617,150.305508945673
145.893989907271,150.304664571789
146.022987645145,150.306504422804
145.228369589895,150.300403190776
145.607018322531,150.303365536035
145.821027955234,150.304761187944
146.75132965884,150.306344815661
146.057339590877,150.297244673587
151.398005881621,150.293957031781
152.526148264733,150.293661589212
150.638218474051,150.300769328616
150.7415830723,150.303595708938
150.41987956389,150.303544050273
150.711822932949,150.301695573504
151.363621192204,150.30130176612
151.01034360802,150.301277259792
150.607386806209,150.309891601695
151.760616242569,150.30817352594
152.524662135831,150.306911549886
151.533321894056,150.306618182078
151.135690624035,150.308220422115
151.309021921147,150.312140951794
151.822638685323,150.318082519993
152.310979670108,150.317579688166
153.974660282795,150.318274931264
153.708263037866,150.34384005951
152.647693395775,150.345821995539
152.617084057598,150.34891748367
152.844703780231,150.347332245484
151.787751154563,150.342118878167
155.349453754463,150.341879938131
155.842234304856,150.343035205658
157.915206798376,150.343765971094
158.804094109476,150.336755487756
158.398879457468,150.337188842712
155.138420938021,150.336176626114
156.163491928076,150.335728343286
157.345670676616,150.339055972516
156.860716457459,150.343266750158
156.484685756662,150.342091012945
156.37070093522,150.342187433452
150.540252718624,150.342187433452
150.802355036184,150.342897469926
150.5975203866,150.342842453763
148.469123941139,150.342842453763
148.798903845293,150.342731638887
148.881698833638,150.342798248882
147.615891266146,150.342798248882
148.345879936087,150.343080510583
151.290979329227,150.341279411471
151.034734424236,150.341592482529
151.162116660111,150.341484509915
150.323383454816,150.341243726049
150.153028997706,150.341441724083
149.262866670601,150.341568826182
148.189842509932,150.341435819386
145.365167176883,150.341435819386
144.538122652941,150.341754746305
145.005181609876,150.341049509311
144.594433612556,150.343009530723
143.622001195386,150.341949057199
143.781361032773,150.333896975586
144.207597804284,150.329543347899
144.050814357552,150.339590412721
145.18398474318,150.326671490068
145.252925571812,150.325590721962
144.194635136036,150.328408812578
144.351487298625,150.321469093144
143.638008158553,150.317925714587
145.202302493989,150.322171307983
144.975740421321,150.321792532033
144.692759361253,150.308084598119
143.885427649832,150.304247816655
143.920213336107,150.309292536641
143.254567114464,150.309739649282
143.327865846395,150.309275361344
143.276851872142,150.30827017508
142.804183369721,150.305164836135
143.196717381528,150.297074957608
143.567272278732,150.293834479011
143.026421704914,150.293244946752
142.562676380971,150.294577714553
144.540277286539,150.303907572584
144.515582779705,150.263315414786
144.352439050438,150.262375244616
144.474788729929,150.265446413965
143.658936078303,150.265646300688
143.579955923202,150.265819261339
143.48021788424,150.263466138814
144.292597505539,150.265001864388
144.272653690264,150.264517654382
145.238781063063,150.263156371166
145.933377252291,150.262874069018
145.309191907284,150.264878117846
145.881041538047,150.269595927675
145.123511717004,150.270776549838
145.555393941428,150.275813620663
146.337890809532,150.275356611809
146.292353715595,150.276068549236
146.006033833343,150.285098672156
147.422103615106,150.284632542408
148.81175620404,150.281649012859
150.708084525318,150.283041848299
150.096349247811,150.280635100639
149.499324386785,150.274726460785
149.053401372297,150.273027691578
151.156287755884,150.272476909663
151.088578657224,150.273672958563
150.529016898204,150.276282405184
150.878619145948,150.271471304147
150.395625571983,150.272043947429
150.010306903324,150.273057843
148.689011334239,150.27241985238
148.583165513902,150.271011427158
149.68485358743,150.270876060131
148.984968492749,150.270978472716
149.367928763371,150.26866118675
148.979617761267,150.268893882966
150.029931323667,150.265060052311
149.38079411146,150.264627375014
149.386906582984,150.265074204661
149.437274731024,150.266271022909
149.635817830528,150.260810535927
150.603231216543,150.260393612207
156.162347333514,150.259651171712
155.652614912026,150.259427093605
155.349009761834,150.259782795059
155.640450885605,150.259947088872
155.329810707018,150.260956795287
153.932323438009,150.260956795287
154.150269199939,150.260956795287
154.553149852269,150.260270728591
154.316499548061,150.26052338883
154.018934539457,150.260701635696
155.289689737249,150.261229608574
155.169181012748,150.253259126794
155.322104828509,150.254210059146
155.097094434134,150.250811096055
155.001791066772,150.24522538707
154.997548145619,150.248731661491
154.625692225536,150.24858142633
154.769504022035,150.248984699567
155.140726364081,150.249450941273
154.513797576749,150.249820946654
154.387983668258,150.249820946654
155.143148673836,150.249109347994
154.359951883437,150.249980664986
155.12315520821,150.247507282635
155.129844525084,150.247743088306
155.888518701912,150.247151034095
155.497455899786,150.248244046361
155.687192950372,150.247877242383
155.900820688924,150.248597432078
155.858301567089,150.248724256794
154.799184748696,150.248960530105
153.405609513691,150.248444454022
153.829148258982,150.248375835597
153.001002262954,150.247898121482
152.016432653733,150.246981104313
152.431605654751,150.247062102692
153.810994958406,150.246497008335
153.592513364352,150.247263034118
154.58504068547,150.247345458152
154.798055039086,150.249771210928
154.573445598405,150.249126243853
154.439163656821,150.252162910387
153.753400265651,150.251039601832
155.207230597923,150.249829439245
155.626372553983,150.249370602449
155.587820165567,150.242425364517
155.488340635538,150.242264437058
159.338309866813,150.241994608799
159.229584445026,150.24141477611
158.319037793427,150.241339024548
158.489484228669,150.24082217986
158.413922349356,150.240550721035
158.833435652248,150.24073026564
158.978549115915,150.240934294608
158.978354950912,150.239706130413
159.218575565852,150.239706130413
159.39943415619,150.239760087306
161.125359932082,150.239182616477
160.748355095251,150.239182616477
160.737566893035,150.238861740541
160.660044569728,150.238856590272
161.497346037557,150.238458808841
162.080667992664,150.237969232146
162.062161978007,150.237969232146
160.70876798607,150.237969232146
160.927655427802,150.23823126097
160.042089317028,150.238410072336
160.277593718675,150.237925456884
159.676706792164,150.238221778501
160.105756609464,150.238221778501
159.849174207588,150.238221778501
158.175374319493,150.238872934329
157.256158135715,150.238834177811
157.582264745004,150.238834177811
157.309641837221,150.239070057441
156.94559990952,150.239078728847
156.426409881435,150.239069809081
156.104984362583,150.239202252056
147.796544840642,150.239177200998
142.969192411874,150.239177200998
150.116261409378,149.408093497174
150.6470189726,149.407952620485
151.235041554605,149.407140532891
150.891470333872,149.407572581341
151.1082931001,149.413485083104
151.281127001137,149.413398247762
150.401513599796,149.406063946825
150.902114007848,149.403722744171
150.380811330838,149.403131947495
151.076287114919,149.406305533207
150.61930868846,149.406383336914
150.82830695441,149.408516913356
150.07107814694,149.408237830807
150.846379015427,149.407842162047
151.061090219574,149.407923759403
150.445489461003,149.408071640444
149.752322605399,149.408071640444
149.637718872022,149.408185528054
149.708586166828,149.408436791533
149.171285240945,149.408534292057
148.899000744353,149.409260020674
149.13220540429,149.409195332353
149.399614134401,149.409523225795
149.877878053005,149.409618675949
151.607591654491,149.408642975918
151.601844294303,149.408465541376
151.315240185704,149.408796846594
152.148341795638,149.408901740149
151.633483642133,149.408651027505
151.956684805152,149.409942948705
152.179394692752,149.410018842905
151.17517549482,149.409480701965
151.395389659702,149.412656823266
151.018466919453,149.416470729912
151.609617078447,149.416596826569
150.76652961638,149.417217502833
150.900450082976,149.416992482989
150.495206459283,149.420426610712
149.707091493781,149.420753569799
149.686441762049,149.414788243158
150.400919789526,149.417536339178
150.721056085,149.406959793817
150.761439859826,149.406505634156
150.672704695589,149.406072181458
150.646360925203,149.406047436561
150.42458182614,149.407144582011
150.03618092626,149.406366705974
149.769000674454,149.402492875615
152.162914049348,149.404617909607
151.770973958596,149.406496799361
152.885792952667,149.406808671039
152.424589212291,149.404636219941
152.538211315977,149.408971211808
152.615712554865,149.410370320224
152.409371039536,149.414344513526
152.233664552373,149.415887430035
152.857412819242,149.412816298677
153.033946471181,149.411334966508
152.83085870715,149.430171559816
153.090965923075,149.429132898579
153.308407015298,149.431944131756
151.344171693624,149.432549310659
151.862090731919,149.433212835395
151.954475941528,149.430209468283
152.045449221495,149.429902748836
153.681457215335,149.42989031087
153.184070910737,149.416742878506
153.170568153594,149.42214291064
152.636832887479,149.428457770173
153.521663303701,149.424255866922
155.068126478974,149.420363068715
154.311086677978,149.419311767869
155.140575635757,149.421874866888
155.90993202812,149.422033007015
156.186404606538,149.422112023431
155.717787651866,149.423143606652
155.537727105828,149.421704899056
155.152713877261,149.422178604787
155.505611098172,149.396772332485
154.272077790919,149.398760124087
154.404058980185,149.398931587518
154.800462402155,149.398187811338
154.660416889298,149.400992060067
154.564675131059,149.403446746922
153.859649137002,149.403523138092
154.719216589307,149.402562441386
153.611020093832,149.407708523086
154.369650407626,149.404434934482
155.370479958287,149.405965377917
154.654932401737,149.408042772872
154.170228749461,149.408168705219
154.965422686192,149.408940441219
154.135486464373,149.410462794532
155.240092377598,149.407509376682
155.189669746671,149.408694965182
155.053622320452,149.409514162913
153.896683286102,149.409150001414
153.78752143718,149.40963515795
156.37642953607,149.408566554167
156.270320565944,149.408852099283
156.679178355835,149.413272854995
155.970959083051,149.410099669299
155.406168542463,149.405101086578
154.853200577596,149.404806900039
155.069452761505,149.389035342904
154.049798397511,149.383650865671
154.443294947748,149.399094816003
155.425589094063,149.39699824641
151.223506652969,149.392101909802
150.702760712083,149.383087591534
149.937734341872,149.374172854072
150.510731813866,149.376241623932
150.820484939263,149.376316480889
150.968695084197,149.378517805363
150.53664246984,149.378478060014
150.110039648431,149.37767641345
150.986792822257,149.376715363353
150.377474531172,149.379805217655
150.917507816626,149.376866726386
150.598221254889,149.378239138911
150.737195906233,149.37756074228
151.247219632326,149.368518000339
150.893328485891,149.368299581523
149.91654201022,149.370086709324
150.000097481083,149.364525146568
149.843940216319,149.373566131043
149.660367648318,149.374440314031
148.815252222954,149.374012550428
148.574561267658,149.375856754941
149.201836686374,149.375917494962
148.271384584048,149.377545233009
147.97193569365,149.377344027573
147.56396035735,149.375548839545
146.764241032195,149.375579720494
146.717062419391,149.376134453486
146.527100243418,149.375936020614
147.035311562161,149.377640394627
147.224284594486,149.37526386077
146.94612012568,149.374688311565
147.459479394073,149.375454127027
145.977565753653,149.362709886414
146.801549849334,149.363088139712
146.513125570685,149.364509795583
146.298378659762,149.355855492829
145.812448187374,149.353903727208
146.009446666917,149.351271500348
146.027799906243,149.351739754992
146.767004537471,149.352378010657
146.712635104852,149.353092340902
147.048225957196,149.347274446678
147.464768664257,149.339331348333
147.133573992228,149.328286673646
146.69602221153,149.331761970761
146.184650825283,149.338501037847
146.19185583882,149.337625083688
145.965464956362,149.338200950295
146.548673837845,149.337879454226
146.346322300241,149.337107446965
146.414921801826,149.336514256369
146.164241499253,149.338635104627
145.991398232001,149.338432565692
146.141023877285,149.34003902733
145.58519453675,149.342053739623
145.124337207092,149.329329281111
145.4524064108,149.328688773957
141.914832123201,149.328764561793
142.640079071166,149.324002019835
141.606107641881,149.323253795669
141.908529073464,149.325729860438
140.716399436849,149.32461581195
141.157017146045,149.322577156136
141.16160641427,149.327654680801
142.343593559319,149.328577833173
143.252973841308,149.326640551939
143.073125450835,149.325548760438
143.533395419777,149.326311939724
143.137373585039,149.326001554658
143.367016559534,149.322630359515
143.207011511359,149.323433195015
142.748126447738,149.322680911991
142.951012069622,149.321602759692
142.899485833038,149.32052935029
142.370485531492,149.320937397342
142.536741649216,149.320776706187
141.640728129975,149.323223038415
142.118761484226,149.323341779218
141.477250514095,149.322947901224
141.788850524389,149.32174163539
141.505644775158,149.320060907746
142.302322036929,149.319746626378
142.200418430866,149.320596132538
141.874596001607,149.321878359005
141.869422663057,149.325354089227
141.57230271979,149.325236599007
141.54312078038,149.325321719724
141.30105189722,149.325321719724
142.20221849908,149.325321719724
142.282791983726,149.325471339227
142.522457050381,149.325444225627
142.183766070721,149.325774652631
143.971494578642,149.325756063527
152.870362587743,149.325682347866
153.650110427465,149.325785060435
153.28975502533,149.325771653093
152.545411581675,149.32163856446
154.378110317934,149.331322228096
154.021712111625,149.330963378618
153.601257093228,149.331106072861
153.421519002052,149.325745830541
154.397690360441,149.320814549294
154.608582151666,149.324405018233
154.593540465804,149.322021157166
154.306034440352,149.326909555609
154.095691609084,149.328454052147
154.237076732658,149.32703576375
153.597729063845,149.327476129297
153.001747059264,149.326352607745
152.316485164665,149.32479316986
152.071556141613,149.323215188544
153.900119267315,149.323639531709
154.709224647208,149.323120030801
154.929718043283,149.322944405969
155.166826007158,149.323435827833
155.07486764292,149.32430872495
155.317126038111,149.326794661383
155.641131656336,149.327161363993
153.737017491882,149.329005566002
154.143845673158,149.328895520426
154.75684442706,149.326724540236
154.738268492711,149.325902969238
156.399453397756,149.327754423777
128.882728374982,149.330110260591
128.867924852275,149.330536506335
128.103440066076,149.330850212274
128.843849623132,149.330531487793
127.765472771577,149.330159246241
126.417071645859,149.326251395467
127.58710958847,149.327855035777
126.96111686512,149.339373553021
127.857981693302,149.337412842817
128.034851084932,149.331125375069
128.38194939198,149.330823343347
128.891365334126,149.329290602896
129.529004994878,149.329228724743
129.85991464622,149.32786571761
128.606266408806,149.328678523935
128.782521413251,149.327508931867
128.874147682291,149.328544211903
128.924028085268,149.326870243211
128.429963910701,149.327710106767
128.443084792959,149.326654393357
128.414305816063,149.3267829988
128.813625713711,149.32544844745
128.517861280277,149.325693945036
128.643456670188,149.32597513912
128.798305404017,149.326659686957
128.245458001422,149.318949993754
130.460403780056,149.326208221979
129.829386380508,149.331553265193
130.187264717586,149.335756855253
129.878060454763,149.335048633501
131.078058865753,149.33086633737
131.072896142842,149.32348661609
131.184642981204,149.32337738278
131.204758297374,149.341587339144
131.157149253461,149.341544366826
128.985337604912,149.341360118528
130.354351360802,149.341608662939
130.076915037209,149.351003112674
129.235042794857,149.350971240932
129.507074580311,149.350067362349
129.862546857073,149.348743152196
130.216538802435,149.350069247132
129.92367975585,149.349098327572
130.411048905412,149.348074443894
136.619862325237,149.343092425252
136.579756072114,149.344004250278
136.620230622384,149.344161882513
136.929445527652,149.344291044733
137.129260163934,149.343797397606
135.392016882384,149.343865963133
135.421114023661,149.343865963133
135.369162014007,149.343997816453
135.495989977939,149.344135019783
130.532737039636,149.343402922242
129.501534917713,149.345211157073
128.858968318645,149.345324855967
129.280030543819,149.346091575428
152.66775798234,149.348411619889
149.725600239601,149.350231157152
149.837390291427,149.347602159963
149.904060864527,149.347880908473
151.23060231857,149.345445317151
151.884790246559,149.342600744023
151.928090833006,149.34353872563
152.022750192878,149.342572965798
152.043725944117,149.343734989436
153.027088921741,149.344831006536
152.303779301452,149.34527480469
153.489283650072,149.343157886734
153.230423044018,149.341535850594
153.530340337488,149.344225155736
153.149863732344,149.343902872438
151.991251110438,149.343994351743
152.518341667106,149.346198646586
152.273353922553,149.342136861936
151.998585779859,149.343723314478
151.388765542678,149.343718034856
151.205316990953,149.343894127259
151.295908955736,149.344392201271
150.88901287516,149.345588762411
151.098334223964,149.344356202657
150.496672146803,149.344840669398
151.502090810576,149.334645737344
151.861497097445,149.341860851429
152.298993723985,149.342929940552
152.87588604719,149.341800858189
153.128138244667,149.337683580365
153.229344942433,149.33745804737
152.253163291095,149.337042938904
152.218203263998,149.337982151128
151.723835632422,149.333788934573
151.000581356973,149.3323818925
151.724286667853,149.332307348682
151.761547108701,149.333329813121
151.805463109335,149.333387378954
151.706119338345,149.330414916651
153.808563943877,149.326898452387
153.91746042281,149.327769942044
153.376241742324,149.327025449035
144.363427762951,149.331354327594
143.721286393932,149.334906702942
144.232867589779,149.335605062224
151.483536060852,149.336453459099
152.472859169498,149.350286718315
151.935588612691,149.351290714751
151.050998965473,149.341050698204
151.086721988892,149.352861673186
151.478227841463,149.35616653373
151.846678116615,149.358170258428
151.269057318532,149.359940337763
151.263898593152,149.361322089856
151.694383504277,149.362502524952
150.021443173305,149.364981511059
149.908761828296,149.368857861711
150.471683885165,149.362592466891
151.504163923645,149.363216884255
150.608712177437,149.350483809555
150.408570277602,149.346343983866
150.706283156472,149.361700601307
151.043254669399,149.360545081283
151.271676936528,149.357894674897
151.042136190019,149.356082400268
150.545706062719,149.35285831409
151.214821516507,149.352757478133
151.176332752196,149.343876376348
151.261539948254,149.342339403931
151.250310048273,149.34435689221
150.884553216072,149.346505657066
150.745588478912,149.343891993078
151.070485577797,149.343341885011
150.94411443906,149.344778666372
150.567266230107,149.347082432325
150.022157803804,149.349203612898
149.873650687363,149.349913216185
150.301533299414,149.350088974782
150.806735672654,149.350870989031
150.795238731309,149.350049368323
150.905739432425,149.349766825831
151.337799465329,149.350956170838
151.050729809765,149.351915787043
151.363377923535,149.353578995132
151.785515204067,149.349635956515
152.062250601758,149.349611802754
152.192592550255,149.35076182862
152.225352247662,149.349634550676
152.379285767014,149.35255895974
147.666981945945,149.354066658135
147.909038528492,149.354689385978
147.529689337088,149.349987623282
147.638857511907,149.351082002992
148.324563607192,149.353247317243
148.890077509716,149.350491483363
148.483108175738,149.347234273107
148.26063312757,149.349095988383
148.161122580212,149.349189329605
144.746227539607,149.347456596075
144.22788352531,149.317070499353
144.070836062418,149.318656212702
143.916510016073,149.321288891548
144.189795629559,149.320297417102
144.501815095418,149.320010961332
145.070195752432,149.315817984425
145.016808632798,149.316465224431
145.329931321436,149.314963948312
145.010084745426,149.313466226302
144.951287517746,149.313625042986
145.156625866548,149.315027157424
144.871548771412,149.317935546461
145.464732796667,149.318347176792
145.393025715611,149.312238463497
146.357485528997,149.312358380037
147.07095614356,149.316278394585
147.293428083088,149.316194229558
147.941889050968,149.313984550123
148.225818604794,149.314751990711
148.551152090646,149.313401485534
150.058475848355,149.316775669379
150.557014112276,149.309254412075
149.531424639012,149.309778850733
149.469481726934,149.293110170463
148.71946946584,149.292359280832
149.109855068893,149.29260568112
148.810228535405,149.292890740495
148.830077071749,149.300718919052
149.78527979866,149.297949935158
150.466036788586,149.270966501852
150.195520755521,149.261961842117
149.893158263162,149.262431654063
150.705746540159,149.259455912069
150.333110817167,149.26090436902
150.994090169286,149.261505590557
150.945885177597,149.253158461149
151.328246521071,149.253160055043
151.333124574634,149.25617658976
151.035134650881,149.258393357557
150.801383077869,149.258666754241
150.874005811322,149.263097421594
150.754797709196,149.265633732331
150.934593447249,149.264698190744
151.477382681331,149.26523946617
150.979106535175,149.265276136897
151.157237071935,149.270230456577
151.354340895415,149.269467452329
151.380474578292,149.268762196837
151.020245985303,149.265212520496
150.958336111973,149.264566153262
151.267734929745,149.265097115701
151.193064690051,149.265806191619
152.137557846841,149.265947363637
152.368437185724,149.272459341541
152.27755300823,149.271684645673
152.463804713788,149.273251565089
152.213281604124,149.273374528926
153.614629575899,149.270522908734
153.68535645865,149.27062510508
154.244674157157,149.271141885833
153.249810334871,149.271624124381
151.478766799658,149.270565462667
151.596461699901,149.270826394489
151.403934611933,149.271603112361
151.57877324032,149.271919671265
151.512038908034,149.271078473099
151.164314435385,149.271503580413
151.053256907171,149.271159833637
151.063627737522,149.265329285211
150.433175496365,149.265139807071
151.190945821154,149.263431721864
151.851152327241,149.259547189766
151.979266962969,149.247338369374
151.729138147851,149.248552861449
150.944323156823,149.251099782262
151.663006736168,149.243042645267
155.70902174604,149.244780624636
155.865464727114,149.241714979148
156.781562065785,149.239023383186
155.602749853274,149.238047552683
156.179002953479,149.236169927005
155.875037721431,149.243423876304
157.036565895853,149.245004790373
156.532527601372,149.247398841758
156.908081745493,149.247166419284
156.149627998277,149.248073864157
156.552898620027,149.252063314384
156.920463885428,149.250763902775
157.51863913277,149.257751051218
157.077101980385,149.256119886424
158.19566490625,149.254887140077
158.205343285881,149.255886523906
159.482900178463,149.254926579982
159.554292074366,149.253529008562
158.297155254123,149.255551396034
159.090657715197,149.253929751011
159.184346097442,149.253967722964
159.262030730045,149.258186335901
158.865946979701,149.257444769121
158.748688108868,149.255809277777
158.53010673415,149.255637574881
158.878774532134,149.254715255848
159.225762076214,149.25901024713
158.398875878286,149.256495244298
159.446892787503,149.254338335127
157.609516671399,149.251941847086
155.51174296005,149.256608836561
155.934939281627,149.258752967171
155.141424382925,149.245386669241
155.268441050476,149.240379647663
155.576038558041,149.231833877658
155.018120195159,149.236141667648
155.760571408207,149.201885350824
149.851719017811,147.914978619541
150.185140822502,147.915103052423
150.657724018561,147.915096172444
150.304081508078,147.915025272152
150.960064403973,147.914918926809
150.298367953499,147.914938580832
150.53564874063,147.915102272386
150.51905029325,147.915575954789
149.5440677457,147.915922405838
149.682832075466,147.915837986754
149.14656514345,147.915842255772
149.070901841714,147.915539821943
149.022988580383,147.915506448657
149.250893443675,147.915506448657
149.70991812548,147.915478144838
150.528814541261,147.915478144838
150.461048650636,147.915552818653
150.458299228692,147.915674110236
149.982365041072,147.915613508458
149.317292529472,147.915628243585
149.476571969292,147.915628243585
149.523822615994,147.915628243585
149.356181599776,147.915628243585
149.224782602687,147.915645478161
149.899603204142,147.915645478161
149.541082550795,147.915106263075
149.61337633562,147.915318627159
148.703380665932,147.91533247889
148.99180437593,147.91533247889
149.123825531785,147.915184965088
148.84985288306,147.915276040767
148.289026045529,147.915276040767
147.83001738555,147.915390034564
148.01892221643,147.915066721363
147.832063056403,147.915301654374
147.753420574755,147.914785131287
148.137422951847,147.91461394582
147.219460779651,147.913272408458
147.659375726172,147.914314875047
147.580143505022,147.913808722377
147.330256878915,147.913898878614
146.878739647706,147.914081926167
146.981683116874,147.914207203514
146.921454287676,147.914730706508
146.968147415609,147.914405647131
146.842460193452,147.914014557177
146.609155753273,147.914100984142
146.59904553246,147.914145397692
146.362909202052,147.914273842421
146.686219684828,147.913511378282
139.607453596184,147.913551481114
138.970806971937,147.914470113389
138.425535910351,147.914533445554
138.305766688307,147.913862503616
138.195533564109,147.914088877219
137.452313976187,147.914601423797
137.247320387688,147.915783428574
137.158622571771,147.915757838548
137.995784897148,147.915162551901
138.49765292087,147.915654737477
137.344701219255,147.915832723796
137.166423447265,147.91546810944
137.728242138373,147.915651861869
138.080571413015,147.915794840081
142.242627731155,147.915823958926
141.605740537517,147.915666719471
141.688711122736,147.913760525224
142.272778625471,147.913780909966
140.434509955838,147.914056610949
141.289373535247,147.913711658945
141.292967633059,147.913785305539
141.190188417031,147.913864290189
141.160709607755,147.913984990428
144.883621158385,147.913995695545
144.815552729213,147.914403481998
144.268116276804,147.914191104715
144.177782605033,147.914050412782
144.534242357068,147.914022809317
144.461642414495,147.917143071285
144.306847103297,147.917092801391
144.497465004392,147.917587484583
144.546772715505,147.917364302839
145.133908855981,147.917364302839
144.243501556373,147.917459776936
143.311493662005,147.917400610223
143.411810643271,147.917403722364
143.970877692155,147.917441624798
143.245287024041,147.916960023105
143.227279953364,147.917128610324
143.224962442377,147.917128610324
143.285871710266,147.916946235171
143.425472168251,147.917145608948
143.921204913976,147.9168178363
144.989403072533,147.917142030833
144.719085249262,147.91676620329
144.649060749854,147.91603397036
145.260646786562,147.915731457799
144.79462176601,147.915767163253
146.887073776291,147.915580706419
147.306246541558,147.915461705773
146.630745081618,147.915516826196
146.720432802247,147.915686630624
146.932732634172,147.916542944433
147.308447963949,147.916558269551
147.375884085333,147.916384069684
148.002750451448,147.916712094765
147.021410709828,147.917038311691
147.240869833019,147.91704524889
147.634684528664,147.917084597753
147.770098845239,147.917205128906
148.182141486607,147.917235622986
146.966859741898,147.916996529948
148.19382616534,147.916890024052
148.141942951117,147.916789201304
147.989999419942,147.916964511928
148.49746639207,147.916866971591
148.338343499669,147.916748708621
147.988887152752,147.918604084042
147.92834389653,147.918479714799
147.917629318179,147.918451535789
148.234185256622,147.917414275201
147.751317345111,147.918574879765
147.738032386819,147.917921939738
147.231809686239,147.917918511951
147.068625524166,147.918012627982
145.292190787267,147.917819688791
145.027978270711,147.918091671499
145.052190759368,147.918107702041
145.831522200917,147.918140163584
145.804904767994,147.918004784669
145.790955799488,147.918004784669
146.198361076639,147.918113240653
145.981843732223,147.918139933314
145.272238998761,147.918235615501
146.140505314871,147.918268715451
144.727363544269,147.917992409295
145.182067943509,147.917831365011
144.468401745827,147.918205084895
144.847948606393,147.91843169995
145.09293755724,147.918422940146
144.973318163218,147.918203674469
145.036755500033,147.918294429193
144.688430860004,147.918440597723
144.930084221431,147.918880563846
144.462741227155,147.919119127441
144.076393784379,147.918971497261
144.158887556525,147.918813867652
143.432136970444,147.918946196415
143.328676686901,147.919743822984
144.937430870896,147.919594879558
145.263848041965,147.919988442445
145.501311676588,147.919694349322
145.066440514844,147.919743523717
145.97179168292,147.919809451015
146.431741137681,147.919605907283
146.851948297565,147.91949257656
146.215732026057,147.919608553624
146.267829510942,147.919306325131
147.931436362609,147.919234238003
146.917201849971,147.919375016666
146.968243021838,147.919772806699
146.953846792459,147.920215410921
146.545789771304,147.920244980471
146.235174034666,147.919908999576
146.256541844684,147.919652463273
146.226960309514,147.919998778449
146.098160007244,147.919138772552
145.253895691993,147.919714521201
145.789074719145,147.91698988576
145.911831801867,147.915930523034
145.385971256079,147.915819805359
146.396970325172,147.916398561993
146.243144263263,147.915876312211
146.933185692171,147.915619275623
146.163615938095,147.915750753174
145.908047833086,147.915791476519
146.581526416044,147.915791476519
145.994346681557,147.915789033063
145.643897410645,147.915854517667
145.900844092726,147.915909325678
146.304756907555,147.916400426553
146.982998745336,147.916440992841
147.334489920147,147.916440992841
147.005441596118,147.91642303787
147.030080834431,147.91642303787
146.388391379854,147.916440506077
146.929427339445,147.916963879847
146.286638486244,147.916959792571
145.796563634711,147.916898567805
146.717212679844,147.916845131579
145.773964922561,147.916643510469
146.660091293403,147.916526531355
146.143512697338,147.916502831409
146.115340532533,147.916535996664
145.419904037215,147.916435408472
145.918146360566,147.91635220327
144.85056871015,147.916369182138
144.637594289709,147.916676359844
145.793160292977,147.916913037218
145.565303585807,147.916762217795
145.576490855285,147.915934626245
144.760523040216,147.91627268999
145.325079099716,147.916714983114
144.267413263179,147.916968178524
144.099169990764,147.917290780435
144.114580850066,147.917329438903
144.620138915796,147.917268842359
144.301452098554,147.917198573854
144.601445126026,147.91795617773
144.257142362384,147.917057123376
142.180375779673,147.917360524733
142.093109888667,147.917526548567
142.049067624981,147.917999181625
142.379684999522,147.918037710303
142.379998932747,147.917792097942
141.693458000591,147.917794845829
141.769267559767,147.91905221469
141.658263013871,147.91901614963
141.876755376602,147.919243516043
141.705891747204,147.919843472496
143.340451033041,147.919844676848
143.593194226903,147.919809928123
143.152221937078,147.919480975789
143.330822068999,147.919619924261
143.778672435912,147.919547767484
143.97524271148,147.919594536783
143.720501745356,147.919573175263
144.135098903028,147.919556165039
145.036368859461,147.919566818349
145.528145308884,147.919537785318
146.356891326114,147.919296481971
146.217659854923,147.919056324004
145.139889157759,147.919601833347
145.338037801729,147.920317567726
145.597612675993,147.920507586933
145.333966863577,147.920573793039
145.603445643417,147.921166886213
145.719271024791,147.921345390505
145.671128588209,147.921455676964
145.826368758714,147.921810718963
146.862497731497,147.921729175842
145.798457483812,147.921759933935
170.060408469835,147.921749634312
170.029643749044,147.921749634312
170.124644856761,147.921842425373
170.75121205893,147.921842425373
171.072435186419,147.921808144757
171.216053612231,147.921700087243
170.616223822198,147.92175899212
169.752642809262,147.921701890394
168.462469232127,147.921288468464
165.687841915841,147.921298883185
166.415772000496,147.921339604292
166.524466188407,147.921294153027
166.567701578633,147.920826537984
166.51449840852,147.920796060722
166.563269570773,147.920496628208
167.04558487034,147.920434137652
166.953428911836,147.920445759549
166.843036529581,147.920814885227
165.279952328433,147.920701716393
165.056333660369,147.920422292592
164.222427511556,147.920520839533
164.032666597541,147.920904850231
163.569568185776,147.921064875996
163.775719201684,147.920436353883
164.131418309707,147.920426661423
164.26168448836,147.920892274008
164.234276239825,147.921015875046
163.231909488917,147.919894494935
163.69211013161,147.919857758886
164.453137315847,147.919776715663
163.744498091762,147.91901021061
164.511619744087,147.918957672498
164.795531022378,147.91893271697
164.576265062929,147.918765680194
163.557622809326,147.917101684788
163.440002361681,147.916829763955
162.026720709357,147.916897156564
161.710511264792,147.917014992444
162.641955153897,147.917254905536
162.513420926331,147.917284225888
163.111984896388,147.916952693708
163.640925397769,147.918044934467
163.368128855197,147.918002931099
163.426629572902,147.917955211962
163.115759972368,147.917632766463
163.063930499715,147.917588358358
162.6744225043,147.917595835533
162.718817475985,147.918087640269
162.739962125233,147.917729908613
161.682617501301,147.917598374706
162.179572107732,147.917698061933
161.786552714292,147.918032014544
161.548808792051,147.917582529426
161.600270446661,147.91741865191
161.167399813862,147.917596151325
161.310348518459,147.917659099339
162.180536386548,147.917711912421
162.347134052706,147.917859318301
162.525724715184,147.918084726531
162.049709397519,147.918147131292
163.494128132285,147.918131974426
162.998521932611,147.917891493615
163.09393249871,147.917909713511
164.267121481705,147.917957949317
164.936867608068,147.917988648894
164.883665967559,147.91790629503
164.727678439901,147.918075064146
165.027323052577,147.917895199325
164.746203064572,147.917964624757
165.127211726649,147.917957318092
165.586108797792,147.917834335806
165.645081600468,147.91762513044
165.443138074354,147.917640701048
165.71957186965,147.917587315628
165.516239890552,147.91730176648
165.701564607933,147.917359777212
165.797916370054,147.917246169551
165.395025253344,147.917477883512
165.225402116304,147.917092503666
164.865540543236,147.916986765903
164.402547763869,147.917728130431
164.248485796354,147.91714199895
164.256801441484,147.917125841153
163.982045523414,147.917910718975
163.868783362804,147.917854138515
163.847921039716,147.917869459602
163.139933150658,147.917798381279
163.149600386522,147.917783233561
163.934477879315,147.917637362543
161.920089666846,147.917637362543
161.608829853852,147.917741570749
161.930312131646,147.91761432344
161.94492337849,147.917231979215
161.646417030255,147.917210383781
161.922177216215,147.917382511158
161.700123079389,147.917503945762
154.310632163707,147.917503945762
154.392048909529,147.9175811459
154.497583156462,147.917595376483
154.024938213933,147.917378885685
153.880644806762,147.918333185961
153.099272102591,147.917924910315
152.529284361763,147.917924910315
152.292891522683,147.917924021795
152.543136652922,147.917924021795
152.660257276095,147.917644352564
152.018740771073,147.917753603355
151.399225817879,147.917634322286
150.889887677934,147.91765668997
151.1051848237,147.917644612003
151.37181792007,147.917586091442
151.419573189965,147.917586091442
151.463355618814,147.917793517131
151.993501739269,147.918000743374
152.15523948012,147.917975371502
151.721530188667,147.917911397892
151.875914359349,147.917911397892
152.09933990573,147.917911397892
152.725845668199,147.917891395688
152.031266515462,147.917713399587
151.651740920858,147.917912564196
151.856892551712,147.917953176712
152.17727383199,147.918014928393
152.407401769332,147.918060748891
150.638584875079,147.918271362212
150.207089779961,147.917920759736
151.140676604341,147.917246290442
151.279693636148,147.91721127155
149.895163540143,147.917466831172
150.019571212527,147.917179432375
150.235502126375,147.917248998162
150.349984634062,147.917248998162
150.60939773662,147.917271036371
150.549037587968,147.917502660218
151.873604623215,147.9177130009
153.195222574788,147.917511726496
152.960843944173,147.917298445391
153.596154077939,147.917300378744
153.214082512217,147.917341812513
153.537421538497,147.917454706061
153.818609533095,147.917464203963
153.693564876415,147.917561399504
153.885752021762,147.917890118079
154.174870165551,147.917786999899
153.855174953146,147.91772940105
153.607126479402,147.917858442696
153.56386490382,147.918019137529
154.179096274434,147.918008912347
163.331470221713,147.917949751207
161.957016347083,147.917882205816
162.230523641319,147.917662622833
162.211222515333,147.917762721269
161.912435122467,147.917762836288
162.209247904028,147.917823128632
162.440985886777,147.918075175237
162.78348048395,147.917723750093
162.689815510314,147.918104970901
162.939647612874,147.918118615391
162.028644436451,147.917969885969
161.948109961031,147.917752631522
163.006613659672,147.91803332591
164.567384637238,147.918203646921
164.470671822946,147.91819626819
164.770825181078,147.918410900202
164.225788153081,147.918221319212
164.292428342789,147.918359084751
164.463338522828,147.918634146469
163.073603997041,147.918692323673
162.668374660698,147.918711177715
163.032619674006,147.918775374026
162.586689647783,147.918419846779
162.572906950112,147.91834290467
161.837403240787,147.918308487827
161.927832854304,147.918326199564
161.670691816826,147.918374244933
161.443608562589,147.918226169954
161.304976036023,147.917793801171
161.0792181049,147.917608849677
160.901407435043,147.917896962005
159.307770893811,147.917961849445
156.29321960789,147.917936780515
155.764911139462,147.917795283289
155.472206892278,147.917795283289
155.898380783799,147.917795283289
155.433331725404,147.917863034838
155.664016553631,147.917582886683
155.268538477945,147.917892907684
155.551542477401,147.917812776257
152.240149296253,147.917752433364
151.499391156464,147.917975969359
151.992961660146,147.918003636767
152.298320153332,147.917944302453
152.388986831781,147.918231126925
152.198845470926,147.91909750731
151.831696809561,147.919357796937
151.306100827334,147.919375195204
151.764438632808,147.919294713579
152.905185407416,147.919218331967
152.894727597297,147.919272178038
153.542108775897,147.91948530377
153.637088631016,147.919468208534
153.347734290728,147.919477527225
153.313036729445,147.919537072309
153.177267595026,147.919838191128
153.101497632216,147.919727064409
152.796016004352,147.919729789609
153.085978356478,147.919546312586
153.290725262047,147.919851628676
152.419214201218,147.919954639561
147.487390577545,147.918590189774
147.482633502463,147.918643616465
148.040164449747,147.918979259882
147.117334220472,147.918484544585
148.559630645204,147.918362410054
147.791250518728,147.918544259333
148.166184059033,147.918251388663
148.60510456949,147.918132389917
147.830810211319,147.918363134798
148.199207773808,147.918689709889
148.433728600998,147.918055001285
147.966334019587,147.918485159997
147.397832550989,147.918728714877
147.656300885409,147.9183561566
146.20544710805,147.917808051661
146.392902961346,147.918513701581
146.485963303921,147.919085420904
145.623874679859,147.919975844649
145.321488779609,147.919866131701
144.892620973002,147.920060557325
145.096900585221,147.921030533775
144.891741868768,147.921032564212
144.965744431782,147.921017424711
144.77623886036,147.920962413598
145.692567747444,147.920894879982
145.525298705898,147.920966117838
145.356061665745,147.921004806008
145.730202658829,147.920916169135
144.631680911815,147.920916169135
145.02735220764,147.920888730161
144.975970261013,147.920843098005
145.122640792082,147.920615439584
151.754335052733,147.920578002959
168.640170644155,147.921196845368
168.490107594843,147.921203319825
168.667621521565,147.920858108639
168.639208401217,147.921676562094
168.111975021164,147.922605577226
178.6532806853,147.921938685617
177.385562308523,147.921800151105
176.841985387365,147.922242683457
177.626892565721,147.922588536749
177.606241737522,147.922833240427
177.571011822402,147.92292541487
176.97303450911,147.923061341945
175.743618077002,147.923612651789
175.995088969893,147.923472048382
175.921503568245,147.923155986859
176.155970632894,147.923023921802
